%YAML:1.0
---
CameraMatrix: !!opencv-matrix
   rows: 3
   cols: 3
   dt: d
   data: [ 1.4098515469087276e+03, 0., 6.7136835933712086e+02, 0.,
       1.4094754711401440e+03, 3.8269520044063381e+02, 0., 0., 1. ]
DistortionCoefficients: !!opencv-matrix
   rows: 1
   cols: 5
   dt: d
   data: [ 2.2097789528888304e-02, 9.6545817438715487e-01,
       -4.8335645190659337e-03, 1.5093799465505076e-03,
       -3.9492359938984096e+00 ]
